((("index" .
   [2 0 0 0 0])
  ("v-if" .
   [1 0 0 0])
  ("mouseOver" .
   [2 0 1 0 1 0 0 0 0])
  ("data" .
   [1 0 0 0])
  ("mouseover" .
   [0 0 2 0 0 1 0 0 0])
  ("methods" .
   [0 0 0 0 0 1 0])
  ("q" .
   [6])
  ("t" .
   [1])
  ("amount" .
   [1 0 0 0 0 0])
  ("recient" .
   [0 0 0 0 1 0 0])
  ("outputs" .
   [1 0 0 0 0 0 0])
  ("balance" .
   [0 0 0 0 1 0 0])
  ("toEqual" .
   [0 0 0 2 0 0 0])
  ("publicKey" .
   [0 0 0 0 1 0 0 0 0])
  ("address" .
   [1 0 0 0 0 0 0])
  ("find" .
   [1 0 0 0])
  ("output" .
   [1 0 1 2 3 0])
  ("transaction" .
   [1 0 0 0 0 0 0 0 0 0 0])
  ("expect" .
   [2 0 0 0 0 0])
  ("it" .
   [1 0])
  ("sendAmount" .
   [1 0 1 0 1 1 1 0 0 0])
  ("createTransaction" .
   [0 0 0 1 0 0 0 0 0 1 0 0 0 0 0 0 0])
  ("recipient" .
   [0 0 0 0 2 0 0 0 0])
  ("TransactionPool" .
   [0 0 0 0 0 0 0 0 0 0 0 0 1 0 0])
  ("new" .
   [1 0 0])
  ("beforeEach" .
   [3 0 0 0 0 0 0 0 0 0])
  ("tp" .
   [4 0])
  ("wallet" .
   [4 0 0 0 0 0])
  ("let" .
   [2 0 0])
  ("describe" .
   [2 0 1 0 0 0 0 0])
  ("Transaction" .
   [0 0 0 0 1 1 0 1 2 0 0])
  ("require" .
   [2 0 0 0 0 0 0])
  ("Wallet" .
   [1 0 0 0 2 1])
  ("const" .
   [2 0 0 0 0])
  ("in" .
   [1 0])
  ("exclamation_mark" .
   [0 0 0 0 0 1 0 0 0 0 0 0 0 0 0 0])
  ("question_mark" .
   [0 0 0 0 1 0 0 0 0 0 0 0 0])
  ("style" .
   [1 0 0 0 0])
  ("images" .
   [2 0 1 1 0 0])
  ("id" .
   [1 0])
  ("createBricksArea" .
   [0 0 1 0 0 0 0 0 0 0 0 0 0 0 0 0])
  ("bricks" .
   [2 0 0 0 0 0])
  ("Владимировна" .
   [2 0 0 0 0 0 0 0 0 0 0 0])
  ("Владимир" .
   [0 0 0 1 0 0 0 0])
  ("Елена" .
   [1 0 0 0 0])
  ("Касаева" .
   [0 0 0 0 1 0 0])
  ("Александр" .
   [1 0 0 0 0 0 0 0 0])
  ("Директор" .
   [1 0 0 0 0 0 0 0])
  ("itemprop" .
   [2 0 0 0 0 0 0 0])
  ("бюджетов" .
   [1 0 0 0 0 0 0 0])
  ("руб" .
   [3 0 0])
  ("тыс" .
   [3 0 0])
  ("счет" .
   [3 0 0 0])
  ("colspan" .
   [0 0 0 1 0 0 0])
  ("td" .
   [2 0])
  ("tbody" .
   [0 0 0 0 1])
  ("деятельности" .
   [0 0 0 0 0 0 0 0 1 0 0 0])
  ("образовательной" .
   [0 0 0 0 0 0 1 0 0 0 0 0 0 0 0])
  ("tr" .
   [3 0])
  ("thead" .
   [1 0 0 0 0])
  ("table" .
   [0 0 1 0 0])
  ("col-11" .
   [2 0 0 0 0 0])
  ("row" .
   [3 0 0])
  ("b" .
   [1])
  ("class" .
   [5 0 1 0 1])
  ("span" .
   [14 0 0 0])
  ("div" .
   [9 0 0])
  ("function" .
   [5 0 6 4 5 0 0 0])
  ("showMessage" .
   [0 0 0 1 0 0 0 0 0 0 0])
  ("alert" .
   [8 1 5 1 6])
  ("toLowerCase" .
   [1 0 0 0 0 0 0 0 0 0 0])
  ("\n" .
   [1])
  ("canvas" .
   [5 0 0 0 0 2])
  ("onLoadHandler" .
   [0 0 0 1 0 0 0 0 0 0 0 0 0])
  ("context" .
   [0 0 1 0 0 0 1])
  ("var" .
   [17 1 1])
  ("obj" .
   [4 0 3])
  ("test" .
   [3 0 0 1])
  ("undefined" .
   [0 0 1 0 1 0 0 0 0])
  ("name" .
   [0 0 0 1])
  ("key" .
   [5 0 1])
  ("shedule" .
   [0 0 0 2 0 0 0])
  ("isEmpty" .
   [0 0 0 1 0 0 0])
  ("return" .
   [5 0 0 0 1 0])
  ("for" .
   [1 0 0])
  ("sum" .
   [2 0 0])
  ("summ" .
   [1 0 0 0])
  ("salaries" .
   [1 0 0 0 0 0 0 0])
  ("getFullName" .
   [0 0 0 0 0 0 0 1 0 0 0])
  ("firstName" .
   [0 0 0 0 1 0 0 0 0])
  ("sayHiBye" .
   [0 0 0 1 0 0 0 0])
  ("currentCount" .
   [0 0 0 0 0 0 1 0 0 0 0 0])
  ("makeCounter" .
   [0 0 2 0 0 0 1 0 0 0 0])
  ("value" .
   [6 0 1 0 0])
  ("true" .
   [1 0 0 0])
  ("false" .
   [0 0 0 1 0])
  ("console" .
   [1 0 1 1 0 0 0])
  ("document" .
   [0 0 0 2 0 0 0 2])
  ("Function" .
   [0 0 0 0 0 0 0 1])
  ("log" .
   [0 0 3])
  ("text-align" .
   [0 0 0 1 0 0 0 0 0 0])
  ("center" .
   [2 0 1 0 0 0])
  ("Смотреть" .
   [26 0 0 1 0 1 1 2])
  ("margin" .
   [0 0 0 1 0 0])
  ("br" .
   [2 0])
  ("ctx" .
   [10 0 0])
  ("beginPath" .
   [0 1 0 0 0 0 0 0 0])
  ("rect" .
   [1 0 0 0])
  ("PI" .
   [1 0])
  ("fill" .
   [1 0 1 0])
  ("fillStyle" .
   [0 0 0 0 0 1 0 0 0])
  ("closePath" .
   [0 0 1 0 0 0 0 0 0])
  ("draw" .
   [2 0 0 0])
  ("xPath" .
   [0 0 1 0 0])
  ("yPath" .
   [0 0 1 0 0])
  ("ball" .
   [17 0 0 0])
  ("x" .
   [2])
  ("y" .
   [1])
  ("dx" .
   [6 0])
  ("width" .
   [2 0 0 0 0])
  ("height" .
   [2 1 0 0 0 0])
  ("radius" .
   [0 0 1 1 1 0])
  ("dy" .
   [4 0])
  ("check" .
   [1 0 0 0 1])
  ("game" .
   [2 0 0 0])
  ("this" .
   [26 0 0 0])
  ("bg-menu" .
   [0 0 1 0 0 0 0])
  ("background-color" .
   [0 0 2 0 0 0 0 0 0 0 0 0 0 0 0 0])
  ("background-image" .
   [0 0 0 0 0 0 0 0 0 0 0 0 1 0 0 0])
  ("url" .
   [1 0 0])
  ("background-position" .
   [0 0 1 0 0 0 0 0 0 0 0 0 0 0 0 0 0 0 0])
  ("background-size" .
   [0 0 0 0 0 0 0 0 0 0 0 0 1 0 0])
  ("position" .
   [0 0 0 0 0 1 0 0])
  ("relative" .
   [0 0 0 1 0 0 0 0])
  ("font" .
   [0 0 0 1])
  ("font-size" .
   [0 0 0 0 0 0 1 0 0])
  ("absolute" .
   [1 0 0 0 0 0 0 0])
  ("transition-timing-function" .
   [0 0 0 0 0 0 0 0 0 0 0 0 1 0 0 0 0 0 0 0 0 0 0 0 0 0])
  ("wrap" .
   [1 0 0 0])
  ("rowspan" .
   [3 0 0 2 2 2 0])
  ("listLevel" .
   [0 0 0 1 0 0 0 0 0])
  ("title" .
   [2 0 0 0 0])
  ("textLevel2" .
   [0 0 0 0 0 0 1 0 0 0])))
